SUMMARY STATISTICS — panel_final.csv
=================================================================

Shape  : (601, 54)
Firmes : 88
Années : [np.int64(2018), np.int64(2019), np.int64(2020), np.int64(2021), np.int64(2022), np.int64(2023), np.int64(2024)]

       pe_premium  spec_vs_oper_ratio  speculative_score  operational_score  log_mktcap  log_revenue  op_margin  rd_intensity  rev_growth  topic_opportunity  topic_adoption  topic_laborsaving  topic_rd_investment
count    538.0000            601.0000           601.0000           601.0000    601.0000     601.0000   559.0000      601.0000    521.0000           601.0000        601.0000           601.0000             601.0000
mean      29.2768              0.4375             0.0283             0.1012     24.4905      23.1414    13.3251       12.1164     25.0365             0.0433          0.0579             0.0275               0.0582
std      100.7229              0.1272             0.0864             0.2566      1.6089       1.2915    53.6410       47.8769    280.3352             0.1072          0.1687             0.0811               0.2036
min      -20.5909              0.0588             0.0000             0.0000      0.0000      17.6867 -1137.5000        0.0000    -64.2172             0.0000          0.0000             0.0000               0.0000
25%       -5.7610              0.3333             0.0000             0.0000     23.6635      22.1716     7.7968        0.0000      2.1871             0.0000          0.0000             0.0000               0.0000
50%        2.6145              0.5000             0.0000             0.0000     24.4196      23.1533    16.1427        6.2913      8.6828             0.0000          0.0000             0.0000               0.0000
75%       20.7048              0.5000             0.0000             0.1026     25.2917      24.0256    24.5206       16.0908     17.9561             0.0367          0.0000             0.0000               0.0000
max      577.7709              0.8889             0.7012             2.9922     28.8280      26.5813    74.9662     1033.3333   6372.9927             0.9242          2.1943             0.9974               2.0565